 frequency       mag             phase          
 1.00000000e+01 -8.01794599e+01  1.79647909e+02 
 1.01157945e+01 -7.99794587e+01  1.79643832e+02 
 1.02329299e+01 -7.97794576e+01  1.79639708e+02 
 1.03514217e+01 -7.95794564e+01  1.79635536e+02 
 1.04712855e+01 -7.93794552e+01  1.79631315e+02 
 1.05925373e+01 -7.91794540e+01  1.79627046e+02 
 1.07151931e+01 -7.89794527e+01  1.79622727e+02 
 1.08392691e+01 -7.87794514e+01  1.79618359e+02 
 1.09647820e+01 -7.85794501e+01  1.79613939e+02 
 1.10917482e+01 -7.83794488e+01  1.79609469e+02 
 1.12201845e+01 -7.81794474e+01  1.79604947e+02 
 1.13501082e+01 -7.79794460e+01  1.79600372e+02 
 1.14815362e+01 -7.77794445e+01  1.79595744e+02 
 1.16144861e+01 -7.75794430e+01  1.79591063e+02 
 1.17489755e+01 -7.73794415e+01  1.79586328e+02 
 1.18850223e+01 -7.71794400e+01  1.79581537e+02 
 1.20226443e+01 -7.69794384e+01  1.79576692e+02 
 1.21618600e+01 -7.67794368e+01  1.79571790e+02 
 1.23026877e+01 -7.65794351e+01  1.79566831e+02 
 1.24451461e+01 -7.63794334e+01  1.79561815e+02 
 1.25892541e+01 -7.61794317e+01  1.79556741e+02 
 1.27350308e+01 -7.59794299e+01  1.79551608e+02 
 1.28824955e+01 -7.57794281e+01  1.79546416e+02 
 1.30316678e+01 -7.55794262e+01  1.79541163e+02 
 1.31825674e+01 -7.53794243e+01  1.79535850e+02 
 1.33352143e+01 -7.51794224e+01  1.79530475e+02 
 1.34896288e+01 -7.49794204e+01  1.79525038e+02 
 1.36458314e+01 -7.47794183e+01  1.79519538e+02 
 1.38038426e+01 -7.45794162e+01  1.79513974e+02 
 1.39636836e+01 -7.43794141e+01  1.79508346e+02 
 1.41253754e+01 -7.41794119e+01  1.79502653e+02 
 1.42889396e+01 -7.39794097e+01  1.79496894e+02 
 1.44543977e+01 -7.37794074e+01  1.79491068e+02 
 1.46217717e+01 -7.35794050e+01  1.79485174e+02 
 1.47910839e+01 -7.33794026e+01  1.79479212e+02 
 1.49623566e+01 -7.31794002e+01  1.79473182e+02 
 1.51356125e+01 -7.29793977e+01  1.79467081e+02 
 1.53108746e+01 -7.27793951e+01  1.79460910e+02 
 1.54881662e+01 -7.25793925e+01  1.79454667e+02 
 1.56675107e+01 -7.23793898e+01  1.79448352e+02 
 1.58489319e+01 -7.21793870e+01  1.79441964e+02 
 1.60324539e+01 -7.19793842e+01  1.79435502e+02 
 1.62181010e+01 -7.17793813e+01  1.79428965e+02 
 1.64058977e+01 -7.15793784e+01  1.79422352e+02 
 1.65958691e+01 -7.13793754e+01  1.79415663e+02 
 1.67880402e+01 -7.11793723e+01  1.79408896e+02 
 1.69824365e+01 -7.09793691e+01  1.79402051e+02 
 1.71790839e+01 -7.07793659e+01  1.79395127e+02 
 1.73780083e+01 -7.05793626e+01  1.79388122e+02 
 1.75792361e+01 -7.03793592e+01  1.79381036e+02 
 1.77827941e+01 -7.01793557e+01  1.79373868e+02 
 1.79887092e+01 -6.99793522e+01  1.79366618e+02 
 1.81970086e+01 -6.97793485e+01  1.79359283e+02 
 1.84077200e+01 -6.95793448e+01  1.79351863e+02 
 1.86208714e+01 -6.93793410e+01  1.79344357e+02 
 1.88364909e+01 -6.91793371e+01  1.79336765e+02 
 1.90546072e+01 -6.89793331e+01  1.79329084e+02 
 1.92752491e+01 -6.87793291e+01  1.79321315e+02 
 1.94984460e+01 -6.85793249e+01  1.79313455e+02 
 1.97242274e+01 -6.83793206e+01  1.79305505e+02 
 1.99526231e+01 -6.81793163e+01  1.79297462e+02 
 2.01836636e+01 -6.79793118e+01  1.79289326e+02 
 2.04173794e+01 -6.77793072e+01  1.79281096e+02 
 2.06538016e+01 -6.75793026e+01  1.79272771e+02 
 2.08929613e+01 -6.73792978e+01  1.79264349e+02 
 2.11348904e+01 -6.71792929e+01  1.79255830e+02 
 2.13796209e+01 -6.69792879e+01  1.79247212e+02 
 2.16271852e+01 -6.67792827e+01  1.79238494e+02 
 2.18776162e+01 -6.65792775e+01  1.79229675e+02 
 2.21309471e+01 -6.63792721e+01  1.79220754e+02 
 2.23872114e+01 -6.61792666e+01  1.79211730e+02 
 2.26464431e+01 -6.59792610e+01  1.79202601e+02 
 2.29086765e+01 -6.57792552e+01  1.79193366e+02 
 2.31739465e+01 -6.55792494e+01  1.79184025e+02 
 2.34422882e+01 -6.53792433e+01  1.79174575e+02 
 2.37137371e+01 -6.51792372e+01  1.79165016e+02 
 2.39883292e+01 -6.49792309e+01  1.79155346e+02 
 2.42661010e+01 -6.47792244e+01  1.79145564e+02 
 2.45470892e+01 -6.45792178e+01  1.79135668e+02 
 2.48313311e+01 -6.43792111e+01  1.79125659e+02 
 2.51188643e+01 -6.41792041e+01  1.79115533e+02 
 2.54097271e+01 -6.39791971e+01  1.79105289e+02 
 2.57039578e+01 -6.37791898e+01  1.79094928e+02 
 2.60015956e+01 -6.35791824e+01  1.79084446e+02 
 2.63026799e+01 -6.33791748e+01  1.79073842e+02 
 2.66072506e+01 -6.31791671e+01  1.79063116e+02 
 2.69153480e+01 -6.29791591e+01  1.79052266e+02 
 2.72270131e+01 -6.27791510e+01  1.79041290e+02 
 2.75422870e+01 -6.25791427e+01  1.79030186e+02 
 2.78612117e+01 -6.23791342e+01  1.79018954e+02 
 2.81838293e+01 -6.21791255e+01  1.79007592e+02 
 2.85101827e+01 -6.19791166e+01  1.78996098e+02 
 2.88403150e+01 -6.17791075e+01  1.78984471e+02 
 2.91742701e+01 -6.15790981e+01  1.78972710e+02 
 2.95120923e+01 -6.13790886e+01  1.78960812e+02 
 2.98538262e+01 -6.11790788e+01  1.78948776e+02 
 3.01995172e+01 -6.09790688e+01  1.78936601e+02 
 3.05492111e+01 -6.07790586e+01  1.78924285e+02 
 3.09029543e+01 -6.05790481e+01  1.78911826e+02 
 3.12607937e+01 -6.03790374e+01  1.78899222e+02 
 3.16227766e+01 -6.01790265e+01  1.78886473e+02 
 3.19889511e+01 -5.99790153e+01  1.78873576e+02 
 3.23593657e+01 -5.97790038e+01  1.78860529e+02 
 3.27340695e+01 -5.95789921e+01  1.78847331e+02 
 3.31131121e+01 -5.93789800e+01  1.78833981e+02 
 3.34965439e+01 -5.91789678e+01  1.78820475e+02 
 3.38844156e+01 -5.89789552e+01  1.78806813e+02 
 3.42767787e+01 -5.87789423e+01  1.78792993e+02 
 3.46736850e+01 -5.85789291e+01  1.78779013e+02 
 3.50751874e+01 -5.83789157e+01  1.78764870e+02 
 3.54813389e+01 -5.81789019e+01  1.78750564e+02 
 3.58921935e+01 -5.79788878e+01  1.78736092e+02 
 3.63078055e+01 -5.77788733e+01  1.78721452e+02 
 3.67282300e+01 -5.75788585e+01  1.78706642e+02 
 3.71535229e+01 -5.73788434e+01  1.78691661e+02 
 3.75837404e+01 -5.71788280e+01  1.78676506e+02 
 3.80189396e+01 -5.69788121e+01  1.78661175e+02 
 3.84591782e+01 -5.67787959e+01  1.78645667e+02 
 3.89045145e+01 -5.65787794e+01  1.78629979e+02 
 3.93550075e+01 -5.63787624e+01  1.78614109e+02 
 3.98107171e+01 -5.61787450e+01  1.78598055e+02 
 4.02717034e+01 -5.59787273e+01  1.78581815e+02 
 4.07380278e+01 -5.57787091e+01  1.78565387e+02 
 4.12097519e+01 -5.55786905e+01  1.78548769e+02 
 4.16869383e+01 -5.53786715e+01  1.78531957e+02 
 4.21696503e+01 -5.51786520e+01  1.78514951e+02 
 4.26579519e+01 -5.49786321e+01  1.78497748e+02 
 4.31519077e+01 -5.47786117e+01  1.78480345e+02 
 4.36515832e+01 -5.45785909e+01  1.78462740e+02 
 4.41570447e+01 -5.43785695e+01  1.78444931e+02 
 4.46683592e+01 -5.41785477e+01  1.78426916e+02 
 4.51855944e+01 -5.39785253e+01  1.78408692e+02 
 4.57088190e+01 -5.37785025e+01  1.78390256e+02 
 4.62381021e+01 -5.35784791e+01  1.78371607e+02 
 4.67735141e+01 -5.33784551e+01  1.78352741e+02 
 4.73151259e+01 -5.31784306e+01  1.78333657e+02 
 4.78630092e+01 -5.29784055e+01  1.78314351e+02 
 4.84172368e+01 -5.27783799e+01  1.78294821e+02 
 4.89778819e+01 -5.25783536e+01  1.78275065e+02 
 4.95450191e+01 -5.23783268e+01  1.78255080e+02 
 5.01187234e+01 -5.21782993e+01  1.78234863e+02 
 5.06990708e+01 -5.19782712e+01  1.78214411e+02 
 5.12861384e+01 -5.17782424e+01  1.78193722e+02 
 5.18800039e+01 -5.15782130e+01  1.78172793e+02 
 5.24807460e+01 -5.13781829e+01  1.78151621e+02 
 5.30884444e+01 -5.11781520e+01  1.78130204e+02 
 5.37031796e+01 -5.09781205e+01  1.78108538e+02 
 5.43250331e+01 -5.07780882e+01  1.78086621e+02 
 5.49540874e+01 -5.05780552e+01  1.78064449e+02 
 5.55904257e+01 -5.03780214e+01  1.78042020e+02 
 5.62341325e+01 -5.01779868e+01  1.78019331e+02 
 5.68852931e+01 -4.99779514e+01  1.77996378e+02 
 5.75439937e+01 -4.97779152e+01  1.77973159e+02 
 5.82103218e+01 -4.95778782e+01  1.77949671e+02 
 5.88843655e+01 -4.93778403e+01  1.77925910e+02 
 5.95662144e+01 -4.91778015e+01  1.77901873e+02 
 6.02559586e+01 -4.89777618e+01  1.77877557e+02 
 6.09536897e+01 -4.87777212e+01  1.77852959e+02 
 6.16595002e+01 -4.85776797e+01  1.77828075e+02 
 6.23734835e+01 -4.83776372e+01  1.77802902e+02 
 6.30957344e+01 -4.81775937e+01  1.77777437e+02 
 6.38263486e+01 -4.79775492e+01  1.77751677e+02 
 6.45654229e+01 -4.77775037e+01  1.77725617e+02 
 6.53130553e+01 -4.75774571e+01  1.77699254e+02 
 6.60693448e+01 -4.73774094e+01  1.77672586e+02 
 6.68343918e+01 -4.71773606e+01  1.77645607e+02 
 6.76082975e+01 -4.69773107e+01  1.77618315e+02 
 6.83911647e+01 -4.67772596e+01  1.77590706e+02 
 6.91830971e+01 -4.65772074e+01  1.77562776e+02 
 6.99841996e+01 -4.63771539e+01  1.77534522e+02 
 7.07945784e+01 -4.61770992e+01  1.77505940e+02 
 7.16143410e+01 -4.59770433e+01  1.77477025e+02 
 7.24435960e+01 -4.57769860e+01  1.77447774e+02 
 7.32824533e+01 -4.55769274e+01  1.77418183e+02 
 7.41310241e+01 -4.53768675e+01  1.77388249e+02 
 7.49894209e+01 -4.51768061e+01  1.77357966e+02 
 7.58577575e+01 -4.49767434e+01  1.77327331e+02 
 7.67361489e+01 -4.47766791e+01  1.77296341e+02 
 7.76247117e+01 -4.45766134e+01  1.77264989e+02 
 7.85235635e+01 -4.43765462e+01  1.77233273e+02 
 7.94328235e+01 -4.41764774e+01  1.77201189e+02 
 8.03526122e+01 -4.39764071e+01  1.77168731e+02 
 8.12830516e+01 -4.37763351e+01  1.77135895e+02 
 8.22242650e+01 -4.35762614e+01  1.77102678e+02 
 8.31763771e+01 -4.33761860e+01  1.77069074e+02 
 8.41395142e+01 -4.31761089e+01  1.77035079e+02 
 8.51138038e+01 -4.29760300e+01  1.77000688e+02 
 8.60993752e+01 -4.27759493e+01  1.76965897e+02 
 8.70963590e+01 -4.25758667e+01  1.76930701e+02 
 8.81048873e+01 -4.23757822e+01  1.76895096e+02 
 8.91250938e+01 -4.21756958e+01  1.76859075e+02 
 9.01571138e+01 -4.19756073e+01  1.76822636e+02 
 9.12010839e+01 -4.17755168e+01  1.76785772e+02 
 9.22571427e+01 -4.15754242e+01  1.76748478e+02 
 9.33254301e+01 -4.13753295e+01  1.76710750e+02 
 9.44060876e+01 -4.11752326e+01  1.76672583e+02 
 9.54992586e+01 -4.09751335e+01  1.76633970e+02 
 9.66050879e+01 -4.07750320e+01  1.76594908e+02 
 9.77237221e+01 -4.05749283e+01  1.76555390e+02 
 9.88553095e+01 -4.03748221e+01  1.76515412e+02 
 1.00000000e+02 -4.01747135e+01  1.76474968e+02 
 1.01157945e+02 -3.99746023e+01  1.76434052e+02 
 1.02329299e+02 -3.97744887e+01  1.76392658e+02 
 1.03514217e+02 -3.95743723e+01  1.76350782e+02 
 1.04712855e+02 -3.93742534e+01  1.76308417e+02 
 1.05925373e+02 -3.91741316e+01  1.76265558e+02 
 1.07151931e+02 -3.89740071e+01  1.76222199e+02 
 1.08392691e+02 -3.87738797e+01  1.76178333e+02 
 1.09647820e+02 -3.85737494e+01  1.76133955e+02 
 1.10917482e+02 -3.83736160e+01  1.76089059e+02 
 1.12201845e+02 -3.81734796e+01  1.76043639e+02 
 1.13501082e+02 -3.79733401e+01  1.75997687e+02 
 1.14815362e+02 -3.77731973e+01  1.75951199e+02 
 1.16144861e+02 -3.75730513e+01  1.75904168e+02 
 1.17489755e+02 -3.73729019e+01  1.75856587e+02 
 1.18850223e+02 -3.71727491e+01  1.75808449e+02 
 1.20226443e+02 -3.69725928e+01  1.75759748e+02 
 1.21618600e+02 -3.67724329e+01  1.75710478e+02 
 1.23026877e+02 -3.65722693e+01  1.75660631e+02 
 1.24451461e+02 -3.63721019e+01  1.75610201e+02 
 1.25892541e+02 -3.61719308e+01  1.75559180e+02 
 1.27350308e+02 -3.59717557e+01  1.75507562e+02 
 1.28824955e+02 -3.57715766e+01  1.75455340e+02 
 1.30316678e+02 -3.55713933e+01  1.75402505e+02 
 1.31825674e+02 -3.53712059e+01  1.75349052e+02 
 1.33352143e+02 -3.51710142e+01  1.75294971e+02 
 1.34896288e+02 -3.49708181e+01  1.75240257e+02 
 1.36458314e+02 -3.47706176e+01  1.75184901e+02 
 1.38038426e+02 -3.45704124e+01  1.75128896e+02 
 1.39636836e+02 -3.43702026e+01  1.75072233e+02 
 1.41253754e+02 -3.41699879e+01  1.75014905e+02 
 1.42889396e+02 -3.39697684e+01  1.74956904e+02 
 1.44543977e+02 -3.37695439e+01  1.74898221e+02 
 1.46217717e+02 -3.35693142e+01  1.74838849e+02 
 1.47910839e+02 -3.33690793e+01  1.74778779e+02 
 1.49623566e+02 -3.31688390e+01  1.74718003e+02 
 1.51356125e+02 -3.29685933e+01  1.74656512e+02 
 1.53108746e+02 -3.27683420e+01  1.74594297e+02 
 1.54881662e+02 -3.25680850e+01  1.74531350e+02 
 1.56675107e+02 -3.23678221e+01  1.74467662e+02 
 1.58489319e+02 -3.21675533e+01  1.74403223e+02 
 1.60324539e+02 -3.19672783e+01  1.74338025e+02 
 1.62181010e+02 -3.17669971e+01  1.74272059e+02 
 1.64058977e+02 -3.15667096e+01  1.74205314e+02 
 1.65958691e+02 -3.13664155e+01  1.74137782e+02 
 1.67880402e+02 -3.11661148e+01  1.74069452e+02 
 1.69824365e+02 -3.09658072e+01  1.74000316e+02 
 1.71790839e+02 -3.07654927e+01  1.73930363e+02 
 1.73780083e+02 -3.05651711e+01  1.73859583e+02 
 1.75792361e+02 -3.03648423e+01  1.73787966e+02 
 1.77827941e+02 -3.01645060e+01  1.73715501e+02 
 1.79887092e+02 -2.99641621e+01  1.73642179e+02 
 1.81970086e+02 -2.97638105e+01  1.73567989e+02 
 1.84077200e+02 -2.95634510e+01  1.73492919e+02 
 1.86208714e+02 -2.93630834e+01  1.73416959e+02 
 1.88364909e+02 -2.91627075e+01  1.73340099e+02 
 1.90546072e+02 -2.89623232e+01  1.73262326e+02 
 1.92752491e+02 -2.87619303e+01  1.73183630e+02 
 1.94984460e+02 -2.85615286e+01  1.73103998e+02 
 1.97242274e+02 -2.83611178e+01  1.73023420e+02 
 1.99526231e+02 -2.81606979e+01  1.72941883e+02 
 2.01836636e+02 -2.79602687e+01  1.72859376e+02 
 2.04173794e+02 -2.77598298e+01  1.72775886e+02 
 2.06538016e+02 -2.75593812e+01  1.72691402e+02 
 2.08929613e+02 -2.73589225e+01  1.72605909e+02 
 2.11348904e+02 -2.71584537e+01  1.72519397e+02 
 2.13796209e+02 -2.69579744e+01  1.72431851e+02 
 2.16271852e+02 -2.67574845e+01  1.72343259e+02 
 2.18776162e+02 -2.65569838e+01  1.72253608e+02 
 2.21309471e+02 -2.63564720e+01  1.72162884e+02 
 2.23872114e+02 -2.61559488e+01  1.72071074e+02 
 2.26464431e+02 -2.59554142e+01  1.71978163e+02 
 2.29086765e+02 -2.57548677e+01  1.71884138e+02 
 2.31739465e+02 -2.55543092e+01  1.71788984e+02 
 2.34422882e+02 -2.53537384e+01  1.71692688e+02 
 2.37137371e+02 -2.51531551e+01  1.71595233e+02 
 2.39883292e+02 -2.49525590e+01  1.71496606e+02 
 2.42661010e+02 -2.47519498e+01  1.71396791e+02 
 2.45470892e+02 -2.45513274e+01  1.71295773e+02 
 2.48313311e+02 -2.43506914e+01  1.71193537e+02 
 2.51188643e+02 -2.41500415e+01  1.71090066e+02 
 2.54097271e+02 -2.39493775e+01  1.70985344e+02 
 2.57039578e+02 -2.37486991e+01  1.70879356e+02 
 2.60015956e+02 -2.35480061e+01  1.70772084e+02 
 2.63026799e+02 -2.33472980e+01  1.70663511e+02 
 2.66072506e+02 -2.31465747e+01  1.70553622e+02 
 2.69153480e+02 -2.29458358e+01  1.70442397e+02 
 2.72270131e+02 -2.27450810e+01  1.70329821e+02 
 2.75422870e+02 -2.25443100e+01  1.70215874e+02 
 2.78612117e+02 -2.23435226e+01  1.70100539e+02 
 2.81838293e+02 -2.21427184e+01  1.69983796e+02 
 2.85101827e+02 -2.19418970e+01  1.69865628e+02 
 2.88403150e+02 -2.17410582e+01  1.69746016e+02 
 2.91742701e+02 -2.15402017e+01  1.69624939e+02 
 2.95120923e+02 -2.13393270e+01  1.69502378e+02 
 2.98538262e+02 -2.11384339e+01  1.69378313e+02 
 3.01995172e+02 -2.09375221e+01  1.69252724e+02 
 3.05492111e+02 -2.07365911e+01  1.69125590e+02 
 3.09029543e+02 -2.05356408e+01  1.68996890e+02 
 3.12607937e+02 -2.03346706e+01  1.68866603e+02 
 3.16227766e+02 -2.01336803e+01  1.68734706e+02 
 3.19889511e+02 -1.99326694e+01  1.68601178e+02 
 3.23593657e+02 -1.97316378e+01  1.68465996e+02 
 3.27340695e+02 -1.95305849e+01  1.68329138e+02 
 3.31131121e+02 -1.93295105e+01  1.68190579e+02 
 3.34965439e+02 -1.91284142e+01  1.68050297e+02 
 3.38844156e+02 -1.89272956e+01  1.67908267e+02 
 3.42767787e+02 -1.87261543e+01  1.67764464e+02 
 3.46736850e+02 -1.85249900e+01  1.67618865e+02 
 3.50751874e+02 -1.83238024e+01  1.67471442e+02 
 3.54813389e+02 -1.81225910e+01  1.67322171e+02 
 3.58921935e+02 -1.79213555e+01  1.67171026e+02 
 3.63078055e+02 -1.77200956e+01  1.67017978e+02 
 3.67282300e+02 -1.75188108e+01  1.66863002e+02 
 3.71535229e+02 -1.73175009e+01  1.66706069e+02 
 3.75837404e+02 -1.71161654e+01  1.66547152e+02 
 3.80189396e+02 -1.69148039e+01  1.66386220e+02 
 3.84591782e+02 -1.67134163e+01  1.66223246e+02 
 3.89045145e+02 -1.65120020e+01  1.66058199e+02 
 3.93550075e+02 -1.63105608e+01  1.65891048e+02 
 3.98107171e+02 -1.61090923e+01  1.65721764e+02 
 4.02717034e+02 -1.59075962e+01  1.65550313e+02 
 4.07380278e+02 -1.57060721e+01  1.65376665e+02 
 4.12097519e+02 -1.55045198e+01  1.65200786e+02 
 4.16869383e+02 -1.53029388e+01  1.65022643e+02 
 4.21696503e+02 -1.51013291e+01  1.64842202e+02 
 4.26579519e+02 -1.48996901e+01  1.64659428e+02 
 4.31519077e+02 -1.46980217e+01  1.64474286e+02 
 4.36515832e+02 -1.44963237e+01  1.64286739e+02 
 4.41570447e+02 -1.42945956e+01  1.64096752e+02 
 4.46683592e+02 -1.40928374e+01  1.63904286e+02 
 4.51855944e+02 -1.38910488e+01  1.63709303e+02 
 4.57088190e+02 -1.36892297e+01  1.63511765e+02 
 4.62381021e+02 -1.34873797e+01  1.63311631e+02 
 4.67735141e+02 -1.32854988e+01  1.63108861e+02 
 4.73151259e+02 -1.30835869e+01  1.62903413e+02 
 4.78630092e+02 -1.28816438e+01  1.62695246e+02 
 4.84172368e+02 -1.26796695e+01  1.62484317e+02 
 4.89778819e+02 -1.24776639e+01  1.62270580e+02 
 4.95450191e+02 -1.22756270e+01  1.62053993e+02 
 5.01187234e+02 -1.20735588e+01  1.61834507e+02 
 5.06990708e+02 -1.18714595e+01  1.61612078e+02 
 5.12861384e+02 -1.16693290e+01  1.61386658e+02 
 5.18800039e+02 -1.14671675e+01  1.61158197e+02 
 5.24807460e+02 -1.12649753e+01  1.60926645e+02 
 5.30884444e+02 -1.10627525e+01  1.60691953e+02 
 5.37031796e+02 -1.08604995e+01  1.60454069e+02 
 5.43250331e+02 -1.06582166e+01  1.60212939e+02 
 5.49540874e+02 -1.04559041e+01  1.59968510e+02 
 5.55904257e+02 -1.02535626e+01  1.59720726e+02 
 5.62341325e+02 -1.00511926e+01  1.59469531e+02 
 5.68852931e+02 -9.84879473e+00  1.59214868e+02 
 5.75439937e+02 -9.64636964e+00  1.58956678e+02 
 5.82103218e+02 -9.44391810e+00  1.58694900e+02 
 5.88843655e+02 -9.24144098e+00  1.58429475e+02 
 5.95662144e+02 -9.03893922e+00  1.58160338e+02 
 6.02559586e+02 -8.83641386e+00  1.57887427e+02 
 6.09536897e+02 -8.63386606e+00  1.57610675e+02 
 6.16595002e+02 -8.43129708e+00  1.57330016e+02 
 6.23734835e+02 -8.22870828e+00  1.57045383e+02 
 6.30957344e+02 -8.02610118e+00  1.56756705e+02 
 6.38263486e+02 -7.82347740e+00  1.56463911e+02 
 6.45654229e+02 -7.62083871e+00  1.56166929e+02 
 6.53130553e+02 -7.41818705e+00  1.55865685e+02 
 6.60693448e+02 -7.21552448e+00  1.55560103e+02 
 6.68343918e+02 -7.01285325e+00  1.55250105e+02 
 6.76082975e+02 -6.81017576e+00  1.54935613e+02 
 6.83911647e+02 -6.60749464e+00  1.54616546e+02 
 6.91830971e+02 -6.40481266e+00  1.54292821e+02 
 6.99841996e+02 -6.20213285e+00  1.53964355e+02 
 7.07945784e+02 -5.99945841e+00  1.53631061e+02 
 7.16143410e+02 -5.79679280e+00  1.53292852e+02 
 7.24435960e+02 -5.59413972e+00  1.52949639e+02 
 7.32824533e+02 -5.39150312e+00  1.52601329e+02 
 7.41310241e+02 -5.18888723e+00  1.52247831e+02 
 7.49894209e+02 -4.98629655e+00  1.51889048e+02 
 7.58577575e+02 -4.78373590e+00  1.51524884e+02 
 7.67361489e+02 -4.58121039e+00  1.51155240e+02 
 7.76247117e+02 -4.37872549e+00  1.50780014e+02 
 7.85235635e+02 -4.17628702e+00  1.50399105e+02 
 7.94328235e+02 -3.97390115e+00  1.50012407e+02 
 8.03526122e+02 -3.77157445e+00  1.49619814e+02 
 8.12830516e+02 -3.56931391e+00  1.49221216e+02 
 8.22242650e+02 -3.36712694e+00  1.48816504e+02 
 8.31763771e+02 -3.16502139e+00  1.48405563e+02 
 8.41395142e+02 -2.96300561e+00  1.47988280e+02 
 8.51138038e+02 -2.76108843e+00  1.47564537e+02 
 8.60993752e+02 -2.55927921e+00  1.47134216e+02 
 8.70963590e+02 -2.35758785e+00  1.46697197e+02 
 8.81048873e+02 -2.15602485e+00  1.46253357e+02 
 8.91250938e+02 -1.95460128e+00  1.45802571e+02 
 9.01571138e+02 -1.75332885e+00  1.45344714e+02 
 9.12010839e+02 -1.55221996e+00  1.44879657e+02 
 9.22571427e+02 -1.35128766e+00  1.44407271e+02 
 9.33254301e+02 -1.15054574e+00  1.43927425e+02 
 9.44060876e+02 -9.50008754e-01  1.43439985e+02 
 9.54992586e+02 -7.49692025e-01  1.42944819e+02 
 9.66050879e+02 -5.49611708e-01  1.42441790e+02 
 9.77237221e+02 -3.49784815e-01  1.41930761e+02 
 9.88553095e+02 -1.50229246e-01  1.41411595e+02 
 1.00000000e+03  4.90361668e-02  1.40884153e+02 
 1.01157945e+03  2.47991628e-01  1.40348296e+02 
 1.02329299e+03  4.46616339e-01  1.39803883e+02 
 1.03514217e+03  6.44888461e-01  1.39250775e+02 
 1.04712855e+03  8.42785073e-01  1.38688831e+02 
 1.05925373e+03  1.04028214e+00  1.38117910e+02 
 1.07151931e+03  1.23735447e+00  1.37537873e+02 
 1.08392691e+03  1.43397568e+00  1.36948581e+02 
 1.09647820e+03  1.63011816e+00  1.36349894e+02 
 1.10917482e+03  1.82575301e+00  1.35741677e+02 
 1.12201845e+03  2.02085005e+00  1.35123794e+02 
 1.13501082e+03  2.21537775e+00  1.34496112e+02 
 1.14815362e+03  2.40930320e+00  1.33858500e+02 
 1.16144861e+03  2.60259211e+00  1.33210830e+02 
 1.17489755e+03  2.79520872e+00  1.32552980e+02 
 1.18850223e+03  2.98711583e+00  1.31884827e+02 
 1.20226443e+03  3.17827476e+00  1.31206257e+02 
 1.21618600e+03  3.36864530e+00  1.30517160e+02 
 1.23026877e+03  3.55818575e+00  1.29817429e+02 
 1.24451461e+03  3.74685284e+00  1.29106967e+02 
 1.25892541e+03  3.93460179e+00  1.28385682e+02 
 1.27350308e+03  4.12138625e+00  1.27653490e+02 
 1.28824955e+03  4.30715835e+00  1.26910316e+02 
 1.30316678e+03  4.49186867e+00  1.26156093e+02 
 1.31825674e+03  4.67546630e+00  1.25390765e+02 
 1.33352143e+03  4.85789883e+00  1.24614286e+02 
 1.34896288e+03  5.03911243e+00  1.23826622e+02 
 1.36458314e+03  5.21905183e+00  1.23027753e+02 
 1.38038426e+03  5.39766042e+00  1.22217668e+02 
 1.39636836e+03  5.57488032e+00  1.21396375e+02 
 1.41253754e+03  5.75065243e+00  1.20563893e+02 
 1.42889396e+03  5.92491651e+00  1.19720260e+02 
 1.44543977e+03  6.09761131e+00  1.18865528e+02 
 1.46217717e+03  6.26867467e+00  1.17999768e+02 
 1.47910839e+03  6.43804362e+00  1.17123070e+02 
 1.49623566e+03  6.60565455e+00  1.16235541e+02 
 1.51356125e+03  6.77144334e+00  1.15337309e+02 
 1.53108746e+03  6.93534551e+00  1.14428524e+02 
 1.54881662e+03  7.09729643e+00  1.13509354e+02 
 1.56675107e+03  7.25723146e+00  1.12579992e+02 
 1.58489319e+03  7.41508621e+00  1.11640650e+02 
 1.60324539e+03  7.57079667e+00  1.10691565e+02 
 1.62181010e+03  7.72429950e+00  1.09732997e+02 
 1.64058977e+03  7.87553222e+00  1.08765227e+02 
 1.65958691e+03  8.02443344e+00  1.07788561e+02 
 1.67880402e+03  8.17094315e+00  1.06803329e+02 
 1.69824365e+03  8.31500292e+00  1.05809881e+02 
 1.71790839e+03  8.45655615e+00  1.04808592e+02 
 1.73780083e+03  8.59554836e+00  1.03799859e+02 
 1.75792361e+03  8.73192741e+00  1.02784102e+02 
 1.77827941e+03  8.86564376e+00  1.01761758e+02 
 1.79887092e+03  8.99665070e+00  1.00733288e+02 
 1.81970086e+03  9.12490461e+00  9.96991713e+01 
 1.84077200e+03  9.25036515e+00  9.86599039e+01 
 1.86208714e+03  9.37299551e+00  9.76159993e+01 
 1.88364909e+03  9.49276258e+00  9.65679863e+01 
 1.90546072e+03  9.60963713e+00  9.55164073e+01 
 1.92752491e+03  9.72359401e+00  9.44618164e+01 
 1.94984460e+03  9.83461224e+00  9.34047784e+01 
 1.97242274e+03  9.94267516e+00  9.23458662e+01 
 1.99526231e+03  1.00477705e+01  9.12856593e+01 
 2.01836636e+03  1.01498906e+01  9.02247416e+01 
 2.04173794e+03  1.02490321e+01  8.91636995e+01 
 2.06538016e+03  1.03451964e+01  8.81031201e+01 
 2.08929613e+03  1.04383893e+01  8.70435883e+01 
 2.11348904e+03  1.05286212e+01  8.59856860e+01 
 2.13796209e+03  1.06159069e+01  8.49299891e+01 
 2.16271852e+03  1.07002654e+01  8.38770659e+01 
 2.18776162e+03  1.07817203e+01  8.28274754e+01 
 2.21309471e+03  1.08602990e+01  8.17817651e+01 
 2.23872114e+03  1.09360331e+01  8.07404697e+01 
 2.26464431e+03  1.10089577e+01  7.97041093e+01 
 2.29086765e+03  1.10791119e+01  7.86731879e+01 
 2.31739465e+03  1.11465377e+01  7.76481920e+01 
 2.34422882e+03  1.12112807e+01  7.66295895e+01 
 2.37137371e+03  1.12733892e+01  7.56178286e+01 
 2.39883292e+03  1.13329143e+01  7.46133370e+01 
 2.42661010e+03  1.13899096e+01  7.36165206e+01 
 2.45470892e+03  1.14444306e+01  7.26277637e+01 
 2.48313311e+03  1.14965352e+01  7.16474275e+01 
 2.51188643e+03  1.15462827e+01  7.06758507e+01 
 2.54097271e+03  1.15937340e+01  6.97133487e+01 
 2.57039578e+03  1.16389510e+01  6.87602137e+01 
 2.60015956e+03  1.16819968e+01  6.78167145e+01 
 2.63026799e+03  1.17229351e+01  6.68830973e+01 
 2.66072506e+03  1.17618303e+01  6.59595852e+01 
 2.69153480e+03  1.17987468e+01  6.50463790e+01 
 2.72270131e+03  1.18337493e+01  6.41436575e+01 
 2.75422870e+03  1.18669024e+01  6.32515781e+01 
 2.78612117e+03  1.18982703e+01  6.23702775e+01 
 2.81838293e+03  1.19279170e+01  6.14998722e+01 
 2.85101827e+03  1.19559057e+01  6.06404591e+01 
 2.88403150e+03  1.19822988e+01  5.97921168e+01 
 2.91742701e+03  1.20071581e+01  5.89549058e+01 
 2.95120923e+03  1.20305442e+01  5.81288695e+01 
 2.98538262e+03  1.20525167e+01  5.73140353e+01 
 3.01995172e+03  1.20731341e+01  5.65104151e+01 
 3.05492111e+03  1.20924534e+01  5.57180065e+01 
 3.09029543e+03  1.21105306e+01  5.49367933e+01 
 3.12607937e+03  1.21274200e+01  5.41667467e+01 
 3.16227766e+03  1.21431747e+01  5.34078257e+01 
 3.19889511e+03  1.21578463e+01  5.26599786e+01 
 3.23593657e+03  1.21714847e+01  5.19231432e+01 
 3.27340695e+03  1.21841386e+01  5.11972477e+01 
 3.31131121e+03  1.21958549e+01  5.04822117e+01 
 3.34965439e+03  1.22066790e+01  4.97779469e+01 
 3.38844156e+03  1.22166549e+01  4.90843574e+01 
 3.42767787e+03  1.22258250e+01  4.84013411e+01 
 3.46736850e+03  1.22342300e+01  4.77287897e+01 
 3.50751874e+03  1.22419093e+01  4.70665895e+01 
 3.54813389e+03  1.22489007e+01  4.64146222e+01 
 3.58921935e+03  1.22552407e+01  4.57727653e+01 
 3.63078055e+03  1.22609640e+01  4.51408925e+01 
 3.67282300e+03  1.22661042e+01  4.45188745e+01 
 3.71535229e+03  1.22706934e+01  4.39065791e+01 
 3.75837404e+03  1.22747624e+01  4.33038720e+01 
 3.80189396e+03  1.22783405e+01  4.27106170e+01 
 3.84591782e+03  1.22814560e+01  4.21266762e+01 
 3.89045145e+03  1.22841357e+01  4.15519109e+01 
 3.93550075e+03  1.22864053e+01  4.09861814e+01 
 3.98107171e+03  1.22882894e+01  4.04293473e+01 
 4.02717034e+03  1.22898113e+01  3.98812684e+01 
 4.07380278e+03  1.22909934e+01  3.93418043e+01 
 4.12097519e+03  1.22918568e+01  3.88108146e+01 
 4.16869383e+03  1.22924218e+01  3.82881599e+01 
 4.21696503e+03  1.22927076e+01  3.77737010e+01 
 4.26579519e+03  1.22927325e+01  3.72672999e+01 
 4.31519077e+03  1.22925139e+01  3.67688192e+01 
 4.36515832e+03  1.22920683e+01  3.62781230e+01 
 4.41570447e+03  1.22914113e+01  3.57950766e+01 
 4.46683592e+03  1.22905580e+01  3.53195465e+01 
 4.51855944e+03  1.22895222e+01  3.48514009e+01 
 4.57088190e+03  1.22883175e+01  3.43905096e+01 
 4.62381021e+03  1.22869565e+01  3.39367437e+01 
 4.67735141e+03  1.22854512e+01  3.34899766e+01 
 4.73151259e+03  1.22838129e+01  3.30500830e+01 
 4.78630092e+03  1.22820524e+01  3.26169396e+01 
 4.84172368e+03  1.22801797e+01  3.21904251e+01 
 4.89778819e+03  1.22782046e+01  3.17704200e+01 
 4.95450191e+03  1.22761360e+01  3.13568067e+01 
 5.01187234e+03  1.22739826e+01  3.09494696e+01 
 5.06990708e+03  1.22717523e+01  3.05482952e+01 
 5.12861384e+03  1.22694527e+01  3.01531717e+01 
 5.18800039e+03  1.22670911e+01  2.97639897e+01 
 5.24807460e+03  1.22646741e+01  2.93806413e+01 
 5.30884444e+03  1.22622082e+01  2.90030210e+01 
 5.37031796e+03  1.22596992e+01  2.86310250e+01 
 5.43250331e+03  1.22571528e+01  2.82645517e+01 
 5.49540874e+03  1.22545742e+01  2.79035013e+01 
 5.55904257e+03  1.22519684e+01  2.75477760e+01 
 5.62341325e+03  1.22493401e+01  2.71972799e+01 
 5.68852931e+03  1.22466935e+01  2.68519190e+01 
 5.75439937e+03  1.22440327e+01  2.65116011e+01 
 5.82103218e+03  1.22413616e+01  2.61762361e+01 
 5.88843655e+03  1.22386836e+01  2.58457354e+01 
 5.95662144e+03  1.22360022e+01  2.55200125e+01 
 6.02559586e+03  1.22333203e+01  2.51989825e+01 
 6.09536897e+03  1.22306410e+01  2.48825623e+01 
 6.16595002e+03  1.22279668e+01  2.45706705e+01 
 6.23734835e+03  1.22253003e+01  2.42632274e+01 
 6.30957344e+03  1.22226437e+01  2.39601549e+01 
 6.38263486e+03  1.22199993e+01  2.36613766e+01 
 6.45654229e+03  1.22173690e+01  2.33668178e+01 
 6.53130553e+03  1.22147546e+01  2.30764052e+01 
 6.60693448e+03  1.22121579e+01  2.27900670e+01 
 6.68343918e+03  1.22095803e+01  2.25077331e+01 
 6.76082975e+03  1.22070234e+01  2.22293346e+01 
 6.83911647e+03  1.22044884e+01  2.19548045e+01 
 6.91830971e+03  1.22019765e+01  2.16840766e+01 
 6.99841996e+03  1.21994888e+01  2.14170866e+01 
 7.07945784e+03  1.21970263e+01  2.11537713e+01 
 7.16143410e+03  1.21945899e+01  2.08940690e+01 
 7.24435960e+03  1.21921804e+01  2.06379189e+01 
 7.32824533e+03  1.21897985e+01  2.03852620e+01 
 7.41310241e+03  1.21874449e+01  2.01360402e+01 
 7.49894209e+03  1.21851201e+01  1.98901967e+01 
 7.58577575e+03  1.21828246e+01  1.96476758e+01 
 7.67361489e+03  1.21805588e+01  1.94084231e+01 
 7.76247117e+03  1.21783232e+01  1.91723852e+01 
 7.85235635e+03  1.21761180e+01  1.89395099e+01 
 7.94328235e+03  1.21739435e+01  1.87097460e+01 
 8.03526122e+03  1.21717999e+01  1.84830433e+01 
 8.12830516e+03  1.21696873e+01  1.82593528e+01 
 8.22242650e+03  1.21676059e+01  1.80386264e+01 
 8.31763771e+03  1.21655558e+01  1.78208169e+01 
 8.41395142e+03  1.21635369e+01  1.76058782e+01 
 8.51138038e+03  1.21615494e+01  1.73937650e+01 
 8.60993752e+03  1.21595931e+01  1.71844330e+01 
 8.70963590e+03  1.21576679e+01  1.69778388e+01 
 8.81048873e+03  1.21557739e+01  1.67739398e+01 
 8.91250938e+03  1.21539109e+01  1.65726943e+01 
 9.01571138e+03  1.21520787e+01  1.63740613e+01 
 9.12010839e+03  1.21502771e+01  1.61780008e+01 
 9.22571427e+03  1.21485061e+01  1.59844734e+01 
 9.33254301e+03  1.21467653e+01  1.57934406e+01 
 9.44060876e+03  1.21450546e+01  1.56048647e+01 
 9.54992586e+03  1.21433737e+01  1.54187084e+01 
 9.66050879e+03  1.21417223e+01  1.52349356e+01 
 9.77237221e+03  1.21401002e+01  1.50535104e+01 
 9.88553095e+03  1.21385071e+01  1.48743980e+01 
 1.00000000e+04  1.21369427e+01  1.46975641e+01 
 1.01157945e+04  1.21354067e+01  1.45229749e+01 
 1.02329299e+04  1.21338987e+01  1.43505975e+01 
 1.03514217e+04  1.21324186e+01  1.41803993e+01 
 1.04712855e+04  1.21309658e+01  1.40123487e+01 
 1.05925373e+04  1.21295402e+01  1.38464144e+01 
 1.07151931e+04  1.21281413e+01  1.36825657e+01 
 1.08392691e+04  1.21267688e+01  1.35207725e+01 
 1.09647820e+04  1.21254224e+01  1.33610054e+01 
 1.10917482e+04  1.21241016e+01  1.32032352e+01 
 1.12201845e+04  1.21228062e+01  1.30474336e+01 
 1.13501082e+04  1.21215358e+01  1.28935726e+01 
 1.14815362e+04  1.21202900e+01  1.27416246e+01 
 1.16144861e+04  1.21190685e+01  1.25915627e+01 
 1.17489755e+04  1.21178708e+01  1.24433605e+01 
 1.18850223e+04  1.21166967e+01  1.22969918e+01 
 1.20226443e+04  1.21155457e+01  1.21524311e+01 
 1.21618600e+04  1.21144176e+01  1.20096532e+01 
 1.23026877e+04  1.21133118e+01  1.18686335e+01 
 1.24451461e+04  1.21122282e+01  1.17293477e+01 
 1.25892541e+04  1.21111662e+01  1.15917718e+01 
 1.27350308e+04  1.21101257e+01  1.14558825e+01 
 1.28824955e+04  1.21091061e+01  1.13216567e+01 
 1.30316678e+04  1.21081071e+01  1.11890717e+01 
 1.31825674e+04  1.21071284e+01  1.10581053e+01 
 1.33352143e+04  1.21061697e+01  1.09287354e+01 
 1.34896288e+04  1.21052306e+01  1.08009406e+01 
 1.36458314e+04  1.21043107e+01  1.06746997e+01 
 1.38038426e+04  1.21034097e+01  1.05499918e+01 
 1.39636836e+04  1.21025273e+01  1.04267964e+01 
 1.41253754e+04  1.21016631e+01  1.03050934e+01 
 1.42889396e+04  1.21008168e+01  1.01848628e+01 
 1.44543977e+04  1.20999881e+01  1.00660852e+01 
 1.46217717e+04  1.20991767e+01  9.94874133e+00 
 1.47910839e+04  1.20983821e+01  9.83281230e+00 
 1.49623566e+04  1.20976042e+01  9.71827950e+00 
 1.51356125e+04  1.20968427e+01  9.60512461e+00 
 1.53108746e+04  1.20960971e+01  9.49332960e+00 
 1.54881662e+04  1.20953672e+01  9.38287674e+00 
 1.56675107e+04  1.20946527e+01  9.27374855e+00 
 1.58489319e+04  1.20939533e+01  9.16592783e+00 
 1.60324539e+04  1.20932687e+01  9.05939765e+00 
 1.62181010e+04  1.20925987e+01  8.95414134e+00 
 1.64058977e+04  1.20919428e+01  8.85014248e+00 
 1.65958691e+04  1.20913010e+01  8.74738489e+00 
 1.67880402e+04  1.20906728e+01  8.64585267e+00 
 1.69824365e+04  1.20900581e+01  8.54553011e+00 
 1.71790839e+04  1.20894565e+01  8.44640178e+00 
 1.73780083e+04  1.20888678e+01  8.34845245e+00 
 1.75792361e+04  1.20882917e+01  8.25166713e+00 
 1.77827941e+04  1.20877281e+01  8.15603105e+00 
 1.79887092e+04  1.20871765e+01  8.06152967e+00 
 1.81970086e+04  1.20866369e+01  7.96814863e+00 
 1.84077200e+04  1.20861089e+01  7.87587382e+00 
 1.86208714e+04  1.20855923e+01  7.78469130e+00 
 1.88364909e+04  1.20850869e+01  7.69458737e+00 
 1.90546072e+04  1.20845924e+01  7.60554848e+00 
 1.92752491e+04  1.20841087e+01  7.51756132e+00 
 1.94984460e+04  1.20836355e+01  7.43061274e+00 
 1.97242274e+04  1.20831725e+01  7.34468980e+00 
 1.99526231e+04  1.20827197e+01  7.25977973e+00 
 2.01836636e+04  1.20822767e+01  7.17586995e+00 
 2.04173794e+04  1.20818434e+01  7.09294803e+00 
 2.06538016e+04  1.20814195e+01  7.01100176e+00 
 2.08929613e+04  1.20810050e+01  6.93001907e+00 
 2.11348904e+04  1.20805994e+01  6.84998806e+00 
 2.13796209e+04  1.20802028e+01  6.77089700e+00 
 2.16271852e+04  1.20798149e+01  6.69273433e+00 
 2.18776162e+04  1.20794355e+01  6.61548865e+00 
 2.21309471e+04  1.20790644e+01  6.53914869e+00 
 2.23872114e+04  1.20787015e+01  6.46370337e+00 
 2.26464431e+04  1.20783465e+01  6.38914174e+00 
 2.29086765e+04  1.20779994e+01  6.31545301e+00 
 2.31739465e+04  1.20776599e+01  6.24262652e+00 
 2.34422882e+04  1.20773279e+01  6.17065178e+00 
 2.37137371e+04  1.20770033e+01  6.09951841e+00 
 2.39883292e+04  1.20766858e+01  6.02921620e+00 
 2.42661010e+04  1.20763753e+01  5.95973507e+00 
 2.45470892e+04  1.20760717e+01  5.89106504e+00 
 2.48313311e+04  1.20757749e+01  5.82319632e+00 
 2.51188643e+04  1.20754845e+01  5.75611921e+00 
 2.54097271e+04  1.20752007e+01  5.68982415e+00 
 2.57039578e+04  1.20749231e+01  5.62430170e+00 
 2.60015956e+04  1.20746517e+01  5.55954256e+00 
 2.63026799e+04  1.20743863e+01  5.49553754e+00 
 2.66072506e+04  1.20741268e+01  5.43227758e+00 
 2.69153480e+04  1.20738731e+01  5.36975371e+00 
 2.72270131e+04  1.20736250e+01  5.30795712e+00 
 2.75422870e+04  1.20733825e+01  5.24687908e+00 
 2.78612117e+04  1.20731453e+01  5.18651100e+00 
 2.81838293e+04  1.20729135e+01  5.12684437e+00 
 2.85101827e+04  1.20726868e+01  5.06787082e+00 
 2.88403150e+04  1.20724651e+01  5.00958207e+00 
 2.91742701e+04  1.20722484e+01  4.95196995e+00 
 2.95120923e+04  1.20720365e+01  4.89502639e+00 
 2.98538262e+04  1.20718294e+01  4.83874344e+00 
 3.01995172e+04  1.20716269e+01  4.78311325e+00 
 3.05492111e+04  1.20714289e+01  4.72812803e+00 
 3.09029543e+04  1.20712354e+01  4.67378015e+00 
 3.12607937e+04  1.20710462e+01  4.62006202e+00 
 3.16227766e+04  1.20708612e+01  4.56696619e+00 
 3.19889511e+04  1.20706804e+01  4.51448529e+00 
 3.23593657e+04  1.20705036e+01  4.46261202e+00 
 3.27340695e+04  1.20703307e+01  4.41133920e+00 
 3.31131121e+04  1.20701618e+01  4.36065973e+00 
 3.34965439e+04  1.20699966e+01  4.31056661e+00 
 3.38844156e+04  1.20698352e+01  4.26105290e+00 
 3.42767787e+04  1.20696773e+01  4.21211177e+00 
 3.46736850e+04  1.20695230e+01  4.16373648e+00 
 3.50751874e+04  1.20693722e+01  4.11592035e+00 
 3.54813389e+04  1.20692248e+01  4.06865680e+00 
 3.58921935e+04  1.20690806e+01  4.02193932e+00 
 3.63078055e+04  1.20689397e+01  3.97576150e+00 
 3.67282300e+04  1.20688020e+01  3.93011700e+00 
 3.71535229e+04  1.20686674e+01  3.88499953e+00 
 3.75837404e+04  1.20685358e+01  3.84040293e+00 
 3.80189396e+04  1.20684072e+01  3.79632108e+00 
 3.84591782e+04  1.20682814e+01  3.75274793e+00 
 3.89045145e+04  1.20681585e+01  3.70967753e+00 
 3.93550075e+04  1.20680384e+01  3.66710400e+00 
 3.98107171e+04  1.20679209e+01  3.62502150e+00 
 4.02717034e+04  1.20678061e+01  3.58342430e+00 
 4.07380278e+04  1.20676939e+01  3.54230671e+00 
 4.12097519e+04  1.20675843e+01  3.50166314e+00 
 4.16869383e+04  1.20674771e+01  3.46148803e+00 
 4.21696503e+04  1.20673723e+01  3.42177593e+00 
 4.26579519e+04  1.20672699e+01  3.38252142e+00 
 4.31519077e+04  1.20671698e+01  3.34371916e+00 
 4.36515832e+04  1.20670719e+01  3.30536388e+00 
 4.41570447e+04  1.20669763e+01  3.26745037e+00 
 4.46683592e+04  1.20668828e+01  3.22997347e+00 
 4.51855944e+04  1.20667914e+01  3.19292810e+00 
 4.57088190e+04  1.20667021e+01  3.15630923e+00 
 4.62381021e+04  1.20666148e+01  3.12011191e+00 
 4.67735141e+04  1.20665295e+01  3.08433122e+00 
 4.73151259e+04  1.20664461e+01  3.04896231e+00 
 4.78630092e+04  1.20663646e+01  3.01400040e+00 
 4.84172368e+04  1.20662849e+01  2.97944076e+00 
 4.89778819e+04  1.20662071e+01  2.94527871e+00 
 4.95450191e+04  1.20661310e+01  2.91150963e+00 
 5.01187234e+04  1.20660566e+01  2.87812896e+00 
 5.06990708e+04  1.20659839e+01  2.84513220e+00 
 5.12861384e+04  1.20659128e+01  2.81251488e+00 
 5.18800039e+04  1.20658434e+01  2.78027260e+00 
 5.24807460e+04  1.20657755e+01  2.74840101e+00 
 5.30884444e+04  1.20657092e+01  2.71689582e+00 
 5.37031796e+04  1.20656443e+01  2.68575277e+00 
 5.43250331e+04  1.20655809e+01  2.65496768e+00 
 5.49540874e+04  1.20655190e+01  2.62453639e+00 
 5.55904257e+04  1.20654585e+01  2.59445481e+00 
 5.62341325e+04  1.20653993e+01  2.56471888e+00 
 5.68852931e+04  1.20653415e+01  2.53532461e+00 
 5.75439937e+04  1.20652850e+01  2.50626804e+00 
 5.82103218e+04  1.20652297e+01  2.47754526e+00 
 5.88843655e+04  1.20651758e+01  2.44915242e+00 
 5.95662144e+04  1.20651230e+01  2.42108569e+00 
 6.02559586e+04  1.20650714e+01  2.39334131e+00 
 6.09536897e+04  1.20650210e+01  2.36591555e+00 
 6.16595002e+04  1.20649718e+01  2.33880473e+00 
 6.23734835e+04  1.20649236e+01  2.31200521e+00 
 6.30957344e+04  1.20648766e+01  2.28551339e+00 
 6.38263486e+04  1.20648306e+01  2.25932572e+00 
 6.45654229e+04  1.20647857e+01  2.23343869e+00 
 6.53130553e+04  1.20647418e+01  2.20784883e+00 
 6.60693448e+04  1.20646988e+01  2.18255270e+00 
 6.68343918e+04  1.20646569e+01  2.15754691e+00 
 6.76082975e+04  1.20646159e+01  2.13282813e+00 
 6.83911647e+04  1.20645758e+01  2.10839303e+00 
 6.91830971e+04  1.20645367e+01  2.08423834e+00 
 6.99841996e+04  1.20644984e+01  2.06036083e+00 
 7.07945784e+04  1.20644610e+01  2.03675730e+00 
 7.16143410e+04  1.20644244e+01  2.01342460e+00 
 7.24435960e+04  1.20643887e+01  1.99035960e+00 
 7.32824533e+04  1.20643538e+01  1.96755922e+00 
 7.41310241e+04  1.20643197e+01  1.94502040e+00 
 7.49894209e+04  1.20642863e+01  1.92274014e+00 
 7.58577575e+04  1.20642537e+01  1.90071546e+00 
 7.67361489e+04  1.20642219e+01  1.87894341e+00 
 7.76247117e+04  1.20641908e+01  1.85742108e+00 
 7.85235635e+04  1.20641604e+01  1.83614560e+00 
 7.94328235e+04  1.20641306e+01  1.81511413e+00 
 8.03526122e+04  1.20641016e+01  1.79432385e+00 
 8.12830516e+04  1.20640732e+01  1.77377199e+00 
 8.22242650e+04  1.20640454e+01  1.75345581e+00 
 8.31763771e+04  1.20640183e+01  1.73337259e+00 
 8.41395142e+04  1.20639918e+01  1.71351966e+00 
 8.51138038e+04  1.20639659e+01  1.69389436e+00 
 8.60993752e+04  1.20639406e+01  1.67449408e+00 
 8.70963590e+04  1.20639158e+01  1.65531622e+00 
 8.81048873e+04  1.20638917e+01  1.63635823e+00 
 8.91250938e+04  1.20638680e+01  1.61761758e+00 
 9.01571138e+04  1.20638450e+01  1.59909178e+00 
 9.12010839e+04  1.20638224e+01  1.58077835e+00 
 9.22571427e+04  1.20638003e+01  1.56267484e+00 
 9.33254301e+04  1.20637788e+01  1.54477886e+00 
 9.44060876e+04  1.20637577e+01  1.52708800e+00 
 9.54992586e+04  1.20637371e+01  1.50959992e+00 
 9.66050879e+04  1.20637170e+01  1.49231229e+00 
 9.77237221e+04  1.20636974e+01  1.47522279e+00 
 9.88553095e+04  1.20636781e+01  1.45832916e+00 
 1.00000000e+05  1.20636594e+01  1.44162915e+00 
 1.01157945e+05  1.20636410e+01  1.42512052e+00 
 1.02329299e+05  1.20636231e+01  1.40880108e+00 
 1.03514217e+05  1.20636056e+01  1.39266866e+00 
 1.04712855e+05  1.20635884e+01  1.37672112e+00 
 1.05925373e+05  1.20635717e+01  1.36095632e+00 
 1.07151931e+05  1.20635553e+01  1.34537216e+00 
 1.08392691e+05  1.20635394e+01  1.32996658e+00 
 1.09647820e+05  1.20635237e+01  1.31473753e+00 
 1.10917482e+05  1.20635085e+01  1.29968297e+00 
 1.12201845e+05  1.20634935e+01  1.28480091e+00 
 1.13501082e+05  1.20634790e+01  1.27008936e+00 
 1.14815362e+05  1.20634647e+01  1.25554637e+00 
 1.16144861e+05  1.20634508e+01  1.24116999e+00 
 1.17489755e+05  1.20634372e+01  1.22695833e+00 
 1.18850223e+05  1.20634239e+01  1.21290949e+00 
 1.20226443e+05  1.20634109e+01  1.19902159e+00 
 1.21618600e+05  1.20633982e+01  1.18529280e+00 
 1.23026877e+05  1.20633858e+01  1.17172129e+00 
 1.24451461e+05  1.20633736e+01  1.15830525e+00 
 1.25892541e+05  1.20633618e+01  1.14504290e+00 
 1.27350308e+05  1.20633502e+01  1.13193248e+00 
 1.28824955e+05  1.20633389e+01  1.11897224e+00 
 1.30316678e+05  1.20633278e+01  1.10616046e+00 
 1.31825674e+05  1.20633170e+01  1.09349544e+00 
 1.33352143e+05  1.20633064e+01  1.08097549e+00 
 1.34896288e+05  1.20632961e+01  1.06859895e+00 
 1.36458314e+05  1.20632860e+01  1.05636418e+00 
 1.38038426e+05  1.20632762e+01  1.04426955e+00 
 1.39636836e+05  1.20632665e+01  1.03231345e+00 
 1.41253754e+05  1.20632571e+01  1.02049429e+00 
 1.42889396e+05  1.20632479e+01  1.00881050e+00 
 1.44543977e+05  1.20632389e+01  9.97260540e-01 
 1.46217717e+05  1.20632301e+01  9.85842862e-01 
 1.47910839e+05  1.20632215e+01  9.74555954e-01 
 1.49623566e+05  1.20632131e+01  9.63398315e-01 
 1.51356125e+05  1.20632049e+01  9.52368464e-01 
 1.53108746e+05  1.20631969e+01  9.41464937e-01 
 1.54881662e+05  1.20631891e+01  9.30686284e-01 
 1.56675107e+05  1.20631814e+01  9.20031074e-01 
 1.58489319e+05  1.20631739e+01  9.09497892e-01 
 1.60324539e+05  1.20631666e+01  8.99085339e-01 
 1.62181010e+05  1.20631595e+01  8.88792033e-01 
 1.64058977e+05  1.20631525e+01  8.78616606e-01 
 1.65958691e+05  1.20631457e+01  8.68557707e-01 
 1.67880402e+05  1.20631390e+01  8.58614002e-01 
 1.69824365e+05  1.20631325e+01  8.48784168e-01 
 1.71790839e+05  1.20631261e+01  8.39066902e-01 
 1.73780083e+05  1.20631199e+01  8.29460914e-01 
 1.75792361e+05  1.20631138e+01  8.19964927e-01 
 1.77827941e+05  1.20631079e+01  8.10577681e-01 
 1.79887092e+05  1.20631021e+01  8.01297931e-01 
 1.81970086e+05  1.20630964e+01  7.92124444e-01 
 1.84077200e+05  1.20630908e+01  7.83056002e-01 
 1.86208714e+05  1.20630854e+01  7.74091403e-01 
 1.88364909e+05  1.20630801e+01  7.65229455e-01 
 1.90546072e+05  1.20630749e+01  7.56468983e-01 
 1.92752491e+05  1.20630699e+01  7.47808824e-01 
 1.94984460e+05  1.20630649e+01  7.39247828e-01 
 1.97242274e+05  1.20630601e+01  7.30784860e-01 
 1.99526231e+05  1.20630554e+01  7.22418796e-01 
 2.01836636e+05  1.20630508e+01  7.14148527e-01 
 2.04173794e+05  1.20630463e+01  7.05972953e-01 
 2.06538016e+05  1.20630419e+01  6.97890992e-01 
 2.08929613e+05  1.20630376e+01  6.89901569e-01 
 2.11348904e+05  1.20630333e+01  6.82003626e-01 
 2.13796209e+05  1.20630292e+01  6.74196113e-01 
 2.16271852e+05  1.20630252e+01  6.66477995e-01 
 2.18776162e+05  1.20630213e+01  6.58848249e-01 
 2.21309471e+05  1.20630174e+01  6.51305861e-01 
 2.23872114e+05  1.20630137e+01  6.43849830e-01 
 2.26464431e+05  1.20630100e+01  6.36479169e-01 
 2.29086765e+05  1.20630064e+01  6.29192898e-01 
 2.31739465e+05  1.20630029e+01  6.21990051e-01 
 2.34422882e+05  1.20629995e+01  6.14869673e-01 
 2.37137371e+05  1.20629962e+01  6.07830818e-01 
 2.39883292e+05  1.20629929e+01  6.00872554e-01 
 2.42661010e+05  1.20629897e+01  5.93993956e-01 
 2.45470892e+05  1.20629866e+01  5.87194113e-01 
 2.48313311e+05  1.20629835e+01  5.80472123e-01 
 2.51188643e+05  1.20629806e+01  5.73827093e-01 
 2.54097271e+05  1.20629777e+01  5.67258142e-01 
 2.57039578e+05  1.20629748e+01  5.60764400e-01 
 2.60015956e+05  1.20629720e+01  5.54345004e-01 
 2.63026799e+05  1.20629693e+01  5.47999103e-01 
 2.66072506e+05  1.20629667e+01  5.41725856e-01 
 2.69153480e+05  1.20629641e+01  5.35524429e-01 
 2.72270131e+05  1.20629615e+01  5.29394002e-01 
 2.75422870e+05  1.20629590e+01  5.23333760e-01 
 2.78612117e+05  1.20629566e+01  5.17342900e-01 
 2.81838293e+05  1.20629543e+01  5.11420627e-01 
 2.85101827e+05  1.20629519e+01  5.05566156e-01 
 2.88403150e+05  1.20629497e+01  4.99778710e-01 
 2.91742701e+05  1.20629475e+01  4.94057523e-01 
 2.95120923e+05  1.20629453e+01  4.88401834e-01 
 2.98538262e+05  1.20629432e+01  4.82810894e-01 
 3.01995172e+05  1.20629411e+01  4.77283961e-01 
 3.05492111e+05  1.20629391e+01  4.71820303e-01 
 3.09029543e+05  1.20629372e+01  4.66419195e-01 
 3.12607937e+05  1.20629352e+01  4.61079921e-01 
 3.16227766e+05  1.20629334e+01  4.55801772e-01 
 3.19889511e+05  1.20629315e+01  4.50584049e-01 
 3.23593657e+05  1.20629297e+01  4.45426059e-01 
 3.27340695e+05  1.20629280e+01  4.40327119e-01 
 3.31131121e+05  1.20629263e+01  4.35286553e-01 
 3.34965439e+05  1.20629246e+01  4.30303692e-01 
 3.38844156e+05  1.20629229e+01  4.25377875e-01 
 3.42767787e+05  1.20629213e+01  4.20508449e-01 
 3.46736850e+05  1.20629198e+01  4.15694769e-01 
 3.50751874e+05  1.20629182e+01  4.10936196e-01 
 3.54813389e+05  1.20629168e+01  4.06232099e-01 
 3.58921935e+05  1.20629153e+01  4.01581855e-01 
 3.63078055e+05  1.20629139e+01  3.96984846e-01 
 3.67282300e+05  1.20629125e+01  3.92440463e-01 
 3.71535229e+05  1.20629111e+01  3.87948105e-01 
 3.75837404e+05  1.20629098e+01  3.83507174e-01 
 3.80189396e+05  1.20629085e+01  3.79117082e-01 
 3.84591782e+05  1.20629072e+01  3.74777248e-01 
 3.89045145e+05  1.20629060e+01  3.70487095e-01 
 3.93550075e+05  1.20629047e+01  3.66246055e-01 
 3.98107171e+05  1.20629036e+01  3.62053566e-01 
 4.02717034e+05  1.20629024e+01  3.57909071e-01 
 4.07380278e+05  1.20629013e+01  3.53812021e-01 
 4.12097519e+05  1.20629002e+01  3.49761873e-01 
 4.16869383e+05  1.20628991e+01  3.45758090e-01 
 4.21696503e+05  1.20628980e+01  3.41800141e-01 
 4.26579519e+05  1.20628970e+01  3.37887501e-01 
 4.31519077e+05  1.20628960e+01  3.34019652e-01 
 4.36515832e+05  1.20628950e+01  3.30196081e-01 
 4.41570447e+05  1.20628940e+01  3.26416280e-01 
 4.46683592e+05  1.20628931e+01  3.22679749e-01 
 4.51855944e+05  1.20628922e+01  3.18985992e-01 
 4.57088190e+05  1.20628913e+01  3.15334520e-01 
 4.62381021e+05  1.20628904e+01  3.11724848e-01 
 4.67735141e+05  1.20628895e+01  3.08156499e-01 
 4.73151259e+05  1.20628887e+01  3.04628997e-01 
 4.78630092e+05  1.20628879e+01  3.01141877e-01 
 4.84172368e+05  1.20628871e+01  2.97694676e-01 
 4.89778819e+05  1.20628863e+01  2.94286937e-01 
 4.95450191e+05  1.20628855e+01  2.90918207e-01 
 5.01187234e+05  1.20628848e+01  2.87588041e-01 
 5.06990708e+05  1.20628840e+01  2.84295997e-01 
 5.12861384e+05  1.20628833e+01  2.81041638e-01 
 5.18800039e+05  1.20628826e+01  2.77824533e-01 
 5.24807460e+05  1.20628819e+01  2.74644256e-01 
 5.30884444e+05  1.20628813e+01  2.71500385e-01 
 5.37031796e+05  1.20628806e+01  2.68392503e-01 
 5.43250331e+05  1.20628800e+01  2.65320197e-01 
 5.49540874e+05  1.20628794e+01  2.62283062e-01 
 5.55904257e+05  1.20628787e+01  2.59280694e-01 
 5.62341325e+05  1.20628782e+01  2.56312695e-01 
 5.68852931e+05  1.20628776e+01  2.53378672e-01 
 5.75439937e+05  1.20628770e+01  2.50478235e-01 
 5.82103218e+05  1.20628764e+01  2.47611000e-01 
 5.88843655e+05  1.20628759e+01  2.44776588e-01 
 5.95662144e+05  1.20628754e+01  2.41974622e-01 
 6.02559586e+05  1.20628749e+01  2.39204731e-01 
 6.09536897e+05  1.20628744e+01  2.36466548e-01 
 6.16595002e+05  1.20628739e+01  2.33759709e-01 
 6.23734835e+05  1.20628734e+01  2.31083857e-01 
 6.30957344e+05  1.20628729e+01  2.28438635e-01 
 6.38263486e+05  1.20628724e+01  2.25823694e-01 
 6.45654229e+05  1.20628720e+01  2.23238687e-01 
 6.53130553e+05  1.20628715e+01  2.20683271e-01 
 6.60693448e+05  1.20628711e+01  2.18157107e-01 
 6.68343918e+05  1.20628707e+01  2.15659861e-01 
 6.76082975e+05  1.20628703e+01  2.13191201e-01 
 6.83911647e+05  1.20628699e+01  2.10750801e-01 
 6.91830971e+05  1.20628695e+01  2.08338337e-01 
 6.99841996e+05  1.20628691e+01  2.05953488e-01 
 7.07945784e+05  1.20628687e+01  2.03595939e-01 
 7.16143410e+05  1.20628684e+01  2.01265377e-01 
 7.24435960e+05  1.20628680e+01  1.98961494e-01 
 7.32824533e+05  1.20628677e+01  1.96683984e-01 
 7.41310241e+05  1.20628673e+01  1.94432545e-01 
 7.49894209e+05  1.20628670e+01  1.92206878e-01 
 7.58577575e+05  1.20628667e+01  1.90006689e-01 
 7.67361489e+05  1.20628663e+01  1.87831685e-01 
 7.76247117e+05  1.20628660e+01  1.85681580e-01 
 7.85235635e+05  1.20628657e+01  1.83556086e-01 
 7.94328235e+05  1.20628654e+01  1.81454924e-01 
 8.03526122e+05  1.20628651e+01  1.79377814e-01 
 8.12830516e+05  1.20628648e+01  1.77324480e-01 
 8.22242650e+05  1.20628646e+01  1.75294652e-01 
 8.31763771e+05  1.20628643e+01  1.73288059e-01 
 8.41395142e+05  1.20628640e+01  1.71304436e-01 
 8.51138038e+05  1.20628638e+01  1.69343519e-01 
 8.60993752e+05  1.20628635e+01  1.67405050e-01 
 8.70963590e+05  1.20628633e+01  1.65488770e-01 
 8.81048873e+05  1.20628630e+01  1.63594426e-01 
 8.91250938e+05  1.20628628e+01  1.61721767e-01 
 9.01571138e+05  1.20628626e+01  1.59870544e-01 
 9.12010839e+05  1.20628623e+01  1.58040512e-01 
 9.22571427e+05  1.20628621e+01  1.56231429e-01 
 9.33254301e+05  1.20628619e+01  1.54443054e-01 
 9.44060876e+05  1.20628617e+01  1.52675151e-01 
 9.54992586e+05  1.20628615e+01  1.50927486e-01 
 9.66050879e+05  1.20628613e+01  1.49199825e-01 
 9.77237221e+05  1.20628611e+01  1.47491942e-01 
 9.88553095e+05  1.20628609e+01  1.45803609e-01 
 1.00000000e+06  1.20628607e+01  1.44134602e-01 
